 4 1 8
Station_Location: N-S
  15929.48  12123.15  -8664.34  -7958.51
Station_Location: E-W
  -12327.49   10888.78   -9974.17   10163.06
DATA_Period:  1.0000E-05
 -7.0174E+01 -2.8722E+01  9.1584E+02  6.4035E+02 -9.0264E+02 -3.1893E+02  2.0758E+02  6.4075E+01
  0.0000E+00  0.0000E+00  0.0000E+00  0.0000E+00  0.0000E+00  0.0000E+00  0.0000E+00  0.0000E+00
 -3.7125E+01 -3.1688E+01  1.6958E+03  1.0909E+03 -1.3523E+03 -3.2629E+02  1.3242E+02  1.1017E+01
  0.0000E+00  0.0000E+00  0.0000E+00  0.0000E+00  0.0000E+00  0.0000E+00  0.0000E+00  0.0000E+00
ERROR_Period:  1.0000E-05
  9.6028E-03  9.6028E-03  3.6303E-04  3.6303E-04  4.8684E-04  4.8684E-04  1.1953E-03  1.1953E-03
  0.0000E+00  0.0000E+00  0.0000E+00  0.0000E+00  0.0000E+00  0.0000E+00  0.0000E+00  0.0000E+00
  5.7780E-02  5.7780E-02  1.1558E-03  1.1558E-03  1.0769E-03  1.0769E-03  9.3173E-03  9.3173E-03
  0.0000E+00  0.0000E+00  0.0000E+00  0.0000E+00  0.0000E+00  0.0000E+00  0.0000E+00  0.0000E+00
ERMAP_Period:  1.0000E-05
  1.0000E+00  1.0000E+00  1.0000E+00  1.0000E+00  1.0000E+00  1.0000E+00  1.0000E+00  1.0000E+00
  1.0000E+00  1.0000E+00  1.0000E+00  1.0000E+00  1.0000E+00  1.0000E+00  1.0000E+00  1.0000E+00
  1.0000E+00  1.0000E+00  1.0000E+00  1.0000E+00  1.0000E+00  1.0000E+00  1.0000E+00  1.0000E+00
  1.0000E+00  1.0000E+00  1.0000E+00  1.0000E+00  1.0000E+00  1.0000E+00  1.0000E+00  1.0000E+00