 4 3 8
Station_Location: N-S
  -10134.84  -10840.67    9946.82   13753.16
Station_Location: E-W
    8951.72  -11185.51    9677.44  -13538.83
DATA_Period:  9.2593E-05
  0.0000E+00  0.0000E+00  0.0000E+00  0.0000E+00  0.0000E+00  0.0000E+00  0.0000E+00  0.0000E+00
 -3.7125E+01 -3.1688E+01  1.6958E+03  1.0909E+03 -1.3523E+03 -3.2629E+02  1.3242E+02  1.1017E+01
  0.0000E+00  0.0000E+00  0.0000E+00  0.0000E+00  0.0000E+00  0.0000E+00  0.0000E+00  0.0000E+00
 -7.0174E+01 -2.8722E+01  9.1584E+02  6.4035E+02 -9.0264E+02 -3.1893E+02  2.0758E+02  6.4075E+01
DATA_Period:  1.4286E-04
  1.6975E+01 -1.2164E+01  3.8080E+02  1.5620E+02 -3.6786E+02 -9.7644E+01 -1.7395E+00  1.1952E+01
  3.3023E+01 -6.0017E+01  6.9954E+02  1.2292E+03 -9.1683E+02 -7.6393E+02  4.1955E+01  8.2810E+01
  2.8453E+01  2.6012E+01  9.2613E+02  3.4370E+02 -1.0981E+03 -3.5082E+02 -2.1149E+00 -4.1029E+01
 -2.7807E+01 -4.0422E+01  4.3460E+02  6.3632E+02 -6.2912E+02 -5.3382E+02  1.3764E+02  1.2343E+02
DATA_Period:  3.3333E-04
 -3.6949E+00 -2.9527E+01  1.5605E+02  4.4127E+01 -1.6364E+02 -1.1192E+02 -2.1599E+01  1.3730E+01
 -7.9285E+00  1.0707E+01  1.5757E+02  4.6272E+02 -2.6395E+02 -4.2388E+02  4.8569E+00  2.6486E+01
  1.3706E+00  7.0908E+01  3.7719E+02  2.6610E+02 -5.6161E+02 -2.2190E+02 -3.6663E+01 -1.7566E+00
 -2.1299E+01 -1.7078E+01  1.6464E+02  2.7915E+02 -2.1684E+02 -2.9605E+02  4.9567E+01  6.2331E+01
ERROR_Period:  9.2593E-05
  0.0000E+00  0.0000E+00  0.0000E+00  0.0000E+00  0.0000E+00  0.0000E+00  0.0000E+00  0.0000E+00
  5.7780E-02  5.7780E-02  1.1558E-03  1.1558E-03  1.0769E-03  1.0769E-03  9.3173E-03  9.3173E-03
  0.0000E+00  0.0000E+00  0.0000E+00  0.0000E+00  0.0000E+00  0.0000E+00  0.0000E+00  0.0000E+00
  9.6028E-03  9.6028E-03  3.6303E-04  3.6303E-04  4.8684E-04  4.8684E-04  1.1953E-03  1.1953E-03
ERROR_Period:  1.4286E-04
  2.5494E-02  2.5494E-02  3.1306E-04  3.1306E-04  8.4538E-04  8.4538E-04  6.4476E-03  6.4476E-03
  2.0710E-02  2.0710E-02  4.8645E-04  4.8645E-04  4.4765E-04  4.4765E-04  2.7907E-03  2.7907E-03
  1.4865E-02  1.4865E-02  7.0786E-04  7.0786E-04  6.3781E-04  6.3781E-04  2.1838E-02  2.1838E-02
  1.4699E-02  1.4699E-02  4.0807E-04  4.0807E-04  4.7240E-04  4.7240E-04  9.1928E-04  9.1928E-04
ERROR_Period:  3.3333E-04
  1.0835E-01  1.0835E-01  4.7533E-02  4.7533E-02  1.5829E-02  1.5829E-02  2.9314E-01  2.9314E-01
  2.6420E-01  2.6420E-01  1.1607E-02  1.1607E-02  5.7414E-03  5.7414E-03  1.7161E-01  1.7161E-01
  9.0044E-02  9.0044E-02  4.0192E-02  4.0192E-02  9.9137E-03  9.9137E-03  4.7383E-01  4.7383E-01
  2.7571E-02  2.7571E-02  1.7545E-03  1.7545E-03  1.8217E-03  1.8217E-03  6.3414E-03  6.3414E-03
ERMAP_Period:  9.2593E-05
  9.9900E+02  9.9900E+02  9.9900E+02  9.9900E+02  9.9900E+02  9.9900E+02  9.9900E+02  9.9900E+02
  1.0000E+00  1.0000E+00  1.0000E+00  1.0000E+00  1.0000E+00  1.0000E+00  1.0000E+00  1.0000E+00
  1.0000E+00  1.0000E+00  1.0000E+00  1.0000E+00  1.0000E+00  1.0000E+00  1.0000E+00  1.0000E+00
  1.0000E+00  1.0000E+00  1.0000E+00  1.0000E+00  1.0000E+00  1.0000E+00  1.0000E+00  1.0000E+00
ERMAP_Period:  1.4286E-04
  1.0000E+00  1.0000E+00  1.0000E+00  1.0000E+00  1.0000E+00  1.0000E+00  1.0000E+00  1.0000E+00
  1.0000E+00  1.0000E+00  1.0000E+00  1.0000E+00  1.0000E+00  1.0000E+00  1.0000E+00  1.0000E+00
  1.0000E+00  1.0000E+00  1.0000E+00  1.0000E+00  1.0000E+00  1.0000E+00  1.0000E+00  1.0000E+00
  1.0000E+00  1.0000E+00  1.0000E+00  1.0000E+00  1.0000E+00  1.0000E+00  1.0000E+00  1.0000E+00
ERMAP_Period:  3.3333E-04
  1.0000E+00  1.0000E+00  1.0000E+00  1.0000E+00  1.0000E+00  1.0000E+00  1.0000E+00  1.0000E+00
  1.0000E+00  1.0000E+00  1.0000E+00  1.0000E+00  1.0000E+00  1.0000E+00  1.0000E+00  1.0000E+00
  1.0000E+00  1.0000E+00  1.0000E+00  1.0000E+00  1.0000E+00  1.0000E+00  1.0000E+00  1.0000E+00
  1.0000E+00  1.0000E+00  1.0000E+00  1.0000E+00  1.0000E+00  1.0000E+00  1.0000E+00  1.0000E+00