 4 9 8
Station_Location: N-S
  141706.78  141000.95  161788.44  165594.78
Station_Location: E-W
  211215.77  191078.54  211941.49  188725.22
DATA_Period:  9.6154E-05
  0.0000E+00  0.0000E+00  0.0000E+00  0.0000E+00  0.0000E+00  0.0000E+00  0.0000E+00  0.0000E+00
 -3.7125E+01 -3.1688E+01  1.6958E+03  1.0909E+03 -1.3523E+03 -3.2629E+02  1.3242E+02  1.1017E+01
  0.0000E+00  0.0000E+00  0.0000E+00  0.0000E+00  0.0000E+00  0.0000E+00  0.0000E+00  0.0000E+00
 -7.0174E+01 -2.8722E+01  9.1584E+02  6.4035E+02 -9.0264E+02 -3.1893E+02  2.0758E+02  6.4075E+01
DATA_Period:  1.1364E-04
  0.0000E+00  0.0000E+00  0.0000E+00  0.0000E+00  0.0000E+00  0.0000E+00  0.0000E+00  0.0000E+00
  6.0458E+00 -6.6425E+01  1.2070E+03  1.3676E+03 -1.1992E+03 -6.2855E+02  1.0095E+02  7.8581E+01
  2.5941E+01  2.0129E+01  1.1507E+03  8.7125E+01 -1.3236E+03 -7.1519E+01 -5.0848E+00 -1.1895E+01
 -1.3138E+02  3.4634E+01  7.2766E+02  6.6355E+02 -8.1392E+02 -4.0039E+02  2.1103E+02  9.8153E+01
DATA_Period:  1.3889E-04
  1.6975E+01 -1.2164E+01  3.8080E+02  1.5620E+02 -3.6786E+02 -9.7644E+01 -1.7395E+00  1.1952E+01
  3.3023E+01 -6.0017E+01  6.9954E+02  1.2292E+03 -9.1683E+02 -7.6393E+02  4.1955E+01  8.2810E+01
  2.8453E+01  2.6012E+01  9.2613E+02  3.4370E+02 -1.0981E+03 -3.5082E+02 -2.1149E+00 -4.1029E+01
 -2.7807E+01 -4.0422E+01  4.3460E+02  6.3632E+02 -6.2912E+02 -5.3382E+02  1.3764E+02  1.2343E+02
DATA_Period:  1.6667E-04
  8.6544E+00 -1.1802E+01  3.1259E+02  1.6779E+02 -2.9912E+02 -1.3825E+02 -2.6539E+00  1.0581E+01
 -2.1951E+01 -1.1672E+01  4.4920E+02  1.0068E+03 -6.7464E+02 -7.5074E+02  2.2447E+01  5.5746E+01
 -8.6311E+00  1.9406E+01  7.5184E+02  3.5126E+02 -8.6226E+02 -3.8350E+02  2.7406E+01 -3.7763E+00
 -2.8607E+01 -3.0733E+01  2.9754E+02  5.3584E+02 -4.6264E+02 -5.2282E+02  9.7721E+01  1.1646E+02
DATA_Period:  1.9231E-04
  4.7529E+00  5.3240E+00  2.6867E+02  1.6498E+02 -2.5672E+02 -1.4617E+02 -5.1119E+00  9.4842E+00
 -1.9196E+01 -1.9202E+01  3.5060E+02  8.6021E+02 -5.3956E+02 -6.9626E+02  1.7939E+01  4.3904E+01
  4.3608E+00  1.3849E+01  6.4152E+02  3.5017E+02 -7.4737E+02 -3.6880E+02  1.0808E+01 -4.7630E+00
 -2.7095E+01 -2.9770E+01  2.4842E+02  4.6516E+02 -3.7440E+02 -4.7920E+02  8.0013E+01  1.0421E+02
DATA_Period:  2.2727E-04
  3.2420E+01  2.4863E+01  2.2342E+02  1.5722E+02 -2.1485E+02 -1.4089E+02 -4.6857E+00  5.0458E+00
  1.5812E+01 -5.3173E+01  2.6246E+02  7.3347E+02 -4.0505E+02 -6.0006E+02  9.4003E+00  3.3412E+01
 -1.0343E+01  3.4472E+01  5.7619E+02  3.1537E+02 -6.1671E+02 -3.7784E+02  6.6846E+00  1.7089E+01
 -2.5456E+01 -2.8142E+01  2.0838E+02  3.9491E+02 -3.0370E+02 -4.2288E+02  6.6593E+01  8.9223E+01
DATA_Period:  2.7778E-04
  1.3017E+01  1.4761E+00  1.8388E+02  1.5809E+02 -1.7999E+02 -1.2561E+02 -9.8039E+00  1.5949E+00
 -6.5961E+00  4.7868E+00  1.9457E+02  6.0134E+02 -3.2501E+02 -5.0296E+02  6.1939E+00  4.4549E+00
  1.2349E+01  1.2427E+01  5.0214E+02  3.0650E+02 -5.8869E+02 -3.1255E+02 -2.8233E+01 -5.1212E+00
 -3.2897E+01 -2.2614E+01  1.8326E+02  3.3065E+02 -2.5256E+02 -3.4975E+02  5.2980E+01  7.4687E+01
DATA_Period:  3.3333E-04
 -3.6949E+00 -2.9527E+01  1.5605E+02  4.4127E+01 -1.6364E+02 -1.1192E+02 -2.1599E+01  1.3730E+01
 -7.9285E+00  1.0707E+01  1.5757E+02  4.6272E+02 -2.6395E+02 -4.2388E+02  4.8569E+00  2.6486E+01
  1.3706E+00  7.0908E+01  3.7719E+02  2.6610E+02 -5.6161E+02 -2.2190E+02 -3.6663E+01 -1.7566E+00
 -2.1299E+01 -1.7078E+01  1.6464E+02  2.7915E+02 -2.1684E+02 -2.9605E+02  4.9567E+01  6.2331E+01
DATA_Period:  3.8462E-04
 -1.4636E+01 -1.2106E+01  1.0254E+02  1.0336E+02 -1.5236E+02 -1.0912E+02 -1.4460E+01  5.6166E+00
  6.0866E+00 -2.2747E+01  1.7025E+02  3.8930E+02 -2.3302E+02 -3.9219E+02  1.3182E+01  8.8347E+00
  1.3706E+00  7.0908E+01  3.7719E+02  2.6610E+02 -5.6161E+02 -2.2190E+02 -3.6663E+01 -1.7566E+00
 -2.2602E+01 -2.0372E+01  1.5213E+02  2.4290E+02 -2.0227E+02 -2.6125E+02  4.5094E+01  5.9227E+01
ERROR_Period:  9.6154E-05
  0.0000E+00  0.0000E+00  0.0000E+00  0.0000E+00  0.0000E+00  0.0000E+00  0.0000E+00  0.0000E+00
  5.7780E-02  5.7780E-02  1.1558E-03  1.1558E-03  1.0769E-03  1.0769E-03  9.3173E-03  9.3173E-03
  0.0000E+00  0.0000E+00  0.0000E+00  0.0000E+00  0.0000E+00  0.0000E+00  0.0000E+00  0.0000E+00
  9.6028E-03  9.6028E-03  3.6303E-04  3.6303E-04  4.8684E-04  4.8684E-04  1.1953E-03  1.1953E-03
ERROR_Period:  1.1364E-04
  0.0000E+00  0.0000E+00  0.0000E+00  0.0000E+00  0.0000E+00  0.0000E+00  0.0000E+00  0.0000E+00
  2.4005E-02  2.4005E-02  4.6120E-04  4.6120E-04  4.8545E-04  4.8545E-04  2.6996E-03  2.6996E-03
  1.8542E-02  1.8542E-02  6.8144E-04  6.8144E-04  5.1422E-04  5.1422E-04  6.8057E-02  6.8057E-02
  7.7639E-02  7.7639E-02  3.9400E-03  3.9400E-03  7.9997E-03  7.9997E-03  1.1468E-02  1.1468E-02
ERROR_Period:  1.3889E-04
  2.5494E-02  2.5494E-02  3.1306E-04  3.1306E-04  8.4538E-04  8.4538E-04  6.4476E-03  6.4476E-03
  2.0710E-02  2.0710E-02  4.8645E-04  4.8645E-04  4.4765E-04  4.4765E-04  2.7907E-03  2.7907E-03
  1.4865E-02  1.4865E-02  7.0786E-04  7.0786E-04  6.3781E-04  6.3781E-04  2.1838E-02  2.1838E-02
  1.4699E-02  1.4699E-02  4.0807E-04  4.0807E-04  4.7240E-04  4.7240E-04  9.1928E-04  9.1928E-04
ERROR_Period:  1.6667E-04
  5.2976E-02  5.2976E-02  4.7602E-04  4.7602E-04  1.2333E-03  1.2333E-03  8.1151E-03  8.1151E-03
  4.9116E-02  4.9116E-02  4.0258E-04  4.0258E-04  5.3787E-04  5.3787E-04  3.2837E-03  3.2837E-03
  2.6614E-02  2.6614E-02  8.0695E-04  8.0695E-04  6.8633E-04  6.8633E-04  2.7736E-02  2.7736E-02
  1.1283E-02  1.1283E-02  3.4439E-04  3.4439E-04  4.7887E-04  4.7887E-04  9.7977E-04  9.7977E-04
ERROR_Period:  1.9231E-04
  8.7859E-02  8.7859E-02  4.7434E-04  4.7434E-04  1.5974E-03  1.5974E-03  1.0446E-02  1.0446E-02
  4.4955E-02  4.4955E-02  4.1625E-04  4.1625E-04  6.3829E-04  6.3829E-04  3.7553E-03  3.7553E-03
  6.2478E-02  6.2478E-02  1.6390E-03  1.6390E-03  1.1728E-03  1.1728E-03  1.0927E-01  1.0927E-01
  1.0284E-02  1.0284E-02  3.4579E-04  3.4579E-04  5.1225E-04  5.1225E-04  1.0443E-03  1.0443E-03
ERROR_Period:  2.2727E-04
  2.1320E-02  2.1320E-02  7.2632E-04  7.2632E-04  1.8555E-03  1.8555E-03  1.5771E-02  1.5771E-02
  2.9555E-02  2.9555E-02  7.0316E-04  7.0316E-04  9.9948E-04  9.9948E-04  6.9652E-03  6.9652E-03
  2.6603E-01  2.6603E-01  1.3814E-02  1.3814E-02  1.4054E-02  1.4054E-02  5.2496E-01  5.2496E-01
  9.9893E-03  9.9893E-03  4.0611E-04  4.0611E-04  6.4452E-04  6.4452E-04  1.4418E-03  1.4418E-03
ERROR_Period:  2.7778E-04
  2.8419E-02  2.8419E-02  1.2115E-03  1.2115E-03  1.6065E-03  1.6065E-03  2.8013E-02  2.8013E-02
  7.5189E-02  7.5189E-02  9.9100E-04  9.9100E-04  9.7394E-04  9.7394E-04  7.8134E-02  7.8134E-02
  1.1058E-01  1.1058E-01  4.0807E-03  4.0807E-03  3.1413E-03  3.1413E-03  9.0418E-02  9.0418E-02
  9.8983E-03  9.8983E-03  8.3259E-04  8.3259E-04  8.7928E-04  8.7928E-04  3.2997E-03  3.2997E-03
ERROR_Period:  3.3333E-04
  1.0835E-01  1.0835E-01  4.7533E-02  4.7533E-02  1.5829E-02  1.5829E-02  2.9314E-01  2.9314E-01
  2.6420E-01  2.6420E-01  1.1607E-02  1.1607E-02  5.7414E-03  5.7414E-03  1.7161E-01  1.7161E-01
  9.0044E-02  9.0044E-02  4.0192E-02  4.0192E-02  9.9137E-03  9.9137E-03  4.7383E-01  4.7383E-01
  2.7571E-02  2.7571E-02  1.7545E-03  1.7545E-03  1.8217E-03  1.8217E-03  6.3414E-03  6.3414E-03
ERROR_Period:  3.8462E-04
  5.8508E-02  5.8508E-02  1.6466E-02  1.6466E-02  7.4831E-03  7.4831E-03  1.9502E-01  1.9502E-01
  4.6841E-02  4.6841E-02  3.5551E-03  3.5551E-03  2.4644E-03  2.4644E-03  9.7027E-02  9.7027E-02
  9.0044E-02  9.0044E-02  4.0192E-02  4.0192E-02  9.9137E-03  9.9137E-03  4.7383E-01  4.7383E-01
  2.0886E-02  2.0886E-02  2.7828E-03  2.7828E-03  2.2176E-03  2.2176E-03  1.2352E-02  1.2352E-02
ERMAP_Period:  9.6154E-05
  1.0000E+00  1.0000E+00  1.0000E+00  1.0000E+00  1.0000E+00  1.0000E+00  1.0000E+00  1.0000E+00
  1.0000E+00  1.0000E+00  1.0000E+00  1.0000E+00  1.0000E+00  1.0000E+00  1.0000E+00  1.0000E+00
  1.0000E+00  1.0000E+00  1.0000E+00  1.0000E+00  1.0000E+00  1.0000E+00  1.0000E+00  1.0000E+00
  1.0000E+00  1.0000E+00  1.0000E+00  1.0000E+00  1.0000E+00  1.0000E+00  1.0000E+00  1.0000E+00
ERMAP_Period:  1.1364E-04
  1.0000E+00  1.0000E+00  1.0000E+00  1.0000E+00  1.0000E+00  1.0000E+00  1.0000E+00  1.0000E+00
  1.0000E+00  1.0000E+00  1.0000E+00  1.0000E+00  1.0000E+00  1.0000E+00  1.0000E+00  1.0000E+00
  1.0000E+00  1.0000E+00  1.0000E+00  1.0000E+00  1.0000E+00  1.0000E+00  1.0000E+00  1.0000E+00
  1.0000E+00  1.0000E+00  1.0000E+00  1.0000E+00  1.0000E+00  1.0000E+00  1.0000E+00  1.0000E+00
ERMAP_Period:  1.3889E-04
  1.0000E+00  1.0000E+00  1.0000E+00  1.0000E+00  1.0000E+00  1.0000E+00  1.0000E+00  1.0000E+00
  1.0000E+00  1.0000E+00  1.0000E+00  1.0000E+00  1.0000E+00  1.0000E+00  1.0000E+00  1.0000E+00
  1.0000E+00  1.0000E+00  1.0000E+00  1.0000E+00  1.0000E+00  1.0000E+00  1.0000E+00  1.0000E+00
  1.0000E+00  1.0000E+00  1.0000E+00  1.0000E+00  1.0000E+00  1.0000E+00  1.0000E+00  1.0000E+00
ERMAP_Period:  1.6667E-04
  1.0000E+00  1.0000E+00  1.0000E+00  1.0000E+00  1.0000E+00  1.0000E+00  1.0000E+00  1.0000E+00
  1.0000E+00  1.0000E+00  1.0000E+00  1.0000E+00  1.0000E+00  1.0000E+00  1.0000E+00  1.0000E+00
  1.0000E+00  1.0000E+00  1.0000E+00  1.0000E+00  1.0000E+00  1.0000E+00  1.0000E+00  1.0000E+00
  1.0000E+00  1.0000E+00  1.0000E+00  1.0000E+00  1.0000E+00  1.0000E+00  1.0000E+00  1.0000E+00
ERMAP_Period:  1.9231E-04
  1.0000E+00  1.0000E+00  1.0000E+00  1.0000E+00  1.0000E+00  1.0000E+00  1.0000E+00  1.0000E+00
  1.0000E+00  1.0000E+00  1.0000E+00  1.0000E+00  1.0000E+00  1.0000E+00  1.0000E+00  1.0000E+00
  1.0000E+00  1.0000E+00  1.0000E+00  1.0000E+00  1.0000E+00  1.0000E+00  1.0000E+00  1.0000E+00
  1.0000E+00  1.0000E+00  1.0000E+00  1.0000E+00  1.0000E+00  1.0000E+00  1.0000E+00  1.0000E+00
ERMAP_Period:  2.2727E-04
  1.0000E+00  1.0000E+00  1.0000E+00  1.0000E+00  1.0000E+00  1.0000E+00  1.0000E+00  1.0000E+00
  1.0000E+00  1.0000E+00  1.0000E+00  1.0000E+00  1.0000E+00  1.0000E+00  1.0000E+00  1.0000E+00
  1.0000E+00  1.0000E+00  1.0000E+00  1.0000E+00  1.0000E+00  1.0000E+00  1.0000E+00  1.0000E+00
  1.0000E+00  1.0000E+00  1.0000E+00  1.0000E+00  1.0000E+00  1.0000E+00  1.0000E+00  1.0000E+00
ERMAP_Period:  2.7778E-04
  1.0000E+00  1.0000E+00  1.0000E+00  1.0000E+00  1.0000E+00  1.0000E+00  1.0000E+00  1.0000E+00
  1.0000E+00  1.0000E+00  1.0000E+00  1.0000E+00  1.0000E+00  1.0000E+00  1.0000E+00  1.0000E+00
  1.0000E+00  1.0000E+00  1.0000E+00  1.0000E+00  1.0000E+00  1.0000E+00  1.0000E+00  1.0000E+00
  1.0000E+00  1.0000E+00  1.0000E+00  1.0000E+00  1.0000E+00  1.0000E+00  1.0000E+00  1.0000E+00
ERMAP_Period:  3.3333E-04
  1.0000E+00  1.0000E+00  1.0000E+00  1.0000E+00  1.0000E+00  1.0000E+00  1.0000E+00  1.0000E+00
  1.0000E+00  1.0000E+00  1.0000E+00  1.0000E+00  1.0000E+00  1.0000E+00  1.0000E+00  1.0000E+00
  1.0000E+00  1.0000E+00  1.0000E+00  1.0000E+00  1.0000E+00  1.0000E+00  1.0000E+00  1.0000E+00
  1.0000E+00  1.0000E+00  1.0000E+00  1.0000E+00  1.0000E+00  1.0000E+00  1.0000E+00  1.0000E+00
ERMAP_Period:  3.8462E-04
  1.0000E+00  1.0000E+00  1.0000E+00  1.0000E+00  1.0000E+00  1.0000E+00  1.0000E+00  1.0000E+00
  1.0000E+00  1.0000E+00  1.0000E+00  1.0000E+00  1.0000E+00  1.0000E+00  1.0000E+00  1.0000E+00
  1.0000E+00  1.0000E+00  1.0000E+00  1.0000E+00  1.0000E+00  1.0000E+00  1.0000E+00  1.0000E+00
  1.0000E+00  1.0000E+00  1.0000E+00  1.0000E+00  1.0000E+00  1.0000E+00  1.0000E+00  1.0000E+00