 4 3 8
Station_Location: N-S
  -11248.37  -11954.19    8833.29   12639.63
Station_Location: E-W
    7285.79  -12851.44    8011.51  -15204.76
DATA_Period:  1.0000E-05
  0.0000E+00  0.0000E+00  0.0000E+00  0.0000E+00  0.0000E+00  0.0000E+00  0.0000E+00  0.0000E+00
 -3.7125E+01 -3.1688E+01  1.6958E+03  1.0909E+03 -1.3523E+03 -3.2629E+02  1.3242E+02  1.1017E+01
  0.0000E+00  0.0000E+00  0.0000E+00  0.0000E+00  0.0000E+00  0.0000E+00  0.0000E+00  0.0000E+00
 -7.0174E+01 -2.8722E+01  9.1584E+02  6.4035E+02 -9.0264E+02 -3.1893E+02  2.0758E+02  6.4075E+01
DATA_Period:  1.0000E-04
  0.0000E+00  0.0000E+00  0.0000E+00  0.0000E+00  0.0000E+00  0.0000E+00  0.0000E+00  0.0000E+00
 -3.7125E+01 -3.1688E+01  1.6958E+03  1.0909E+03 -1.3523E+03 -3.2629E+02  1.3242E+02  1.1017E+01
  0.0000E+00  0.0000E+00  0.0000E+00  0.0000E+00  0.0000E+00  0.0000E+00  0.0000E+00  0.0000E+00
 -7.0174E+01 -2.8722E+01  9.1584E+02  6.4035E+02 -9.0264E+02 -3.1893E+02  2.0758E+02  6.4075E+01
DATA_Period:  1.0000E-03
  5.3798E+00  1.2329E+00  9.8369E+01  7.9386E+01 -9.3625E+01 -7.3379E+01 -3.6198E+00  9.4690E-01
 -3.2887E-01  2.6808E+00  1.0651E+02  2.0395E+02 -1.6042E+02 -2.2360E+02  1.2075E+01  1.2695E+01
 -2.5090E+01  1.9605E+01  3.1917E+02  1.5932E+02 -4.0303E+02 -1.5225E+02  2.5003E+01  1.3533E+00
  5.8962E-01 -2.0686E+00  1.0379E+02  1.3144E+02 -1.3905E+02 -1.4468E+02  3.2263E+01  3.3170E+01
ERROR_Period:  1.0000E-05
  0.0000E+00  0.0000E+00  0.0000E+00  0.0000E+00  0.0000E+00  0.0000E+00  0.0000E+00  0.0000E+00
  5.7780E-02  5.7780E-02  1.1558E-03  1.1558E-03  1.0769E-03  1.0769E-03  9.3173E-03  9.3173E-03
  0.0000E+00  0.0000E+00  0.0000E+00  0.0000E+00  0.0000E+00  0.0000E+00  0.0000E+00  0.0000E+00
  9.6028E-03  9.6028E-03  3.6303E-04  3.6303E-04  4.8684E-04  4.8684E-04  1.1953E-03  1.1953E-03
ERROR_Period:  1.0000E-04
  0.0000E+00  0.0000E+00  0.0000E+00  0.0000E+00  0.0000E+00  0.0000E+00  0.0000E+00  0.0000E+00
  5.7780E-02  5.7780E-02  1.1558E-03  1.1558E-03  1.0769E-03  1.0769E-03  9.3173E-03  9.3173E-03
  0.0000E+00  0.0000E+00  0.0000E+00  0.0000E+00  0.0000E+00  0.0000E+00  0.0000E+00  0.0000E+00
  9.6028E-03  9.6028E-03  3.6303E-04  3.6303E-04  4.8684E-04  4.8684E-04  1.1953E-03  1.1953E-03
ERROR_Period:  1.0000E-03
  1.1316E-01  1.1316E-01  7.9584E-04  7.9584E-04  5.0180E-03  5.0180E-03  2.5697E-02  2.5697E-02
  3.9724E-02  3.9724E-02  7.0079E-04  7.0079E-04  6.3226E-04  6.3226E-04  1.4925E-02  1.4925E-02
  2.4193E-01  2.4193E-01  6.6623E-03  6.6623E-03  1.6151E-02  1.6151E-02  8.5731E-02  8.5731E-02
  2.3776E-01  2.3776E-01  2.2950E-03  2.2950E-03  2.6739E-03  2.6739E-03  8.7150E-03  8.7150E-03
ERMAP_Period:  1.0000E-05
  1.0000E+00  1.0000E+00  1.0000E+00  1.0000E+00  1.0000E+00  1.0000E+00  1.0000E+00  1.0000E+00
  1.0000E+00  1.0000E+00  1.0000E+00  1.0000E+00  1.0000E+00  1.0000E+00  1.0000E+00  1.0000E+00
  1.0000E+00  1.0000E+00  1.0000E+00  1.0000E+00  1.0000E+00  1.0000E+00  1.0000E+00  1.0000E+00
  1.0000E+00  1.0000E+00  1.0000E+00  1.0000E+00  1.0000E+00  1.0000E+00  1.0000E+00  1.0000E+00
ERMAP_Period:  1.0000E-04
  1.0000E+00  1.0000E+00  1.0000E+00  1.0000E+00  1.0000E+00  1.0000E+00  1.0000E+00  1.0000E+00
  1.0000E+00  1.0000E+00  1.0000E+00  1.0000E+00  1.0000E+00  1.0000E+00  1.0000E+00  1.0000E+00
  1.0000E+00  1.0000E+00  1.0000E+00  1.0000E+00  1.0000E+00  1.0000E+00  1.0000E+00  1.0000E+00
  1.0000E+00  1.0000E+00  1.0000E+00  1.0000E+00  1.0000E+00  1.0000E+00  1.0000E+00  1.0000E+00
ERMAP_Period:  1.0000E-03
  1.0000E+00  1.0000E+00  1.0000E+00  1.0000E+00  1.0000E+00  1.0000E+00  1.0000E+00  1.0000E+00
  1.0000E+00  1.0000E+00  1.0000E+00  1.0000E+00  1.0000E+00  1.0000E+00  1.0000E+00  1.0000E+00
  1.0000E+00  1.0000E+00  1.0000E+00  1.0000E+00  1.0000E+00  1.0000E+00  1.0000E+00  1.0000E+00
  1.0000E+00  1.0000E+00  1.0000E+00  1.0000E+00  1.0000E+00  1.0000E+00  1.0000E+00  1.0000E+00