# BLK3D
12 12 5 2
 600  500  400  300  200  100  100  200
 300  400  500  600 
 600  500  400  300  200  100  100  200
 300  400  500  600 
 2000  3000  3000  4000  5000 
100 200
1 5
1 1 1 1 1 1 1 1 1 2 2 2
1 1 1 1 1 1 1 1 1 2 2 2
1 1 1 1 1 1 1 1 1 1 1 2
1 1 1 1 1 1 1 1 1 1 1 1
1 1 1 1 1 1 1 1 1 1 1 1
1 1 1 1 1 1 1 1 1 1 1 1
1 1 1 1 1 1 1 1 1 1 1 1
1 1 1 1 1 1 1 1 1 1 1 1
1 1 1 1 1 1 1 1 1 1 1 1
1 1 1 1 1 1 1 1 1 1 1 1
1 1 1 1 1 1 1 1 1 1 1 1
1 1 1 1 1 1 1 1 1 1 1 1
None None
1 1 1 1 1 1 1 1 1 1 1 1
1 1 1 1 1 1 1 1 1 1 1 1
1 1 1 1 1 1 1 1 1 1 1 1
1 1 1 1 1 1 1 1 1 1 1 1
1 1 1 1 1 1 1 1 1 1 1 1
1 1 1 1 1 1 1 1 1 1 1 1
1 1 1 1 1 1 1 1 1 1 1 1
1 1 1 1 1 1 1 1 1 1 1 1
1 1 1 1 1 1 1 1 1 1 1 1
1 1 1 1 1 1 1 1 1 1 1 1
1 1 1 1 1 1 1 1 1 1 1 1
1 1 1 1 1 1 1 1 1 1 1 11 1 1 1 1 1 1 1 1 1 1 1
1 1 1 1 1 1 1 1 1 1 1 1
1 1 1 1 1 1 1 1 1 1 1 1
1 1 1 1 1 1 1 1 1 1 1 1
1 1 1 1 1 1 1 1 1 1 1 1
1 1 1 1 1 1 1 1 1 1 1 1
1 1 1 1 1 1 1 1 1 1 1 1
1 1 1 1 1 1 1 1 1 1 1 1
2 2 1 1 1 1 1 1 1 1 1 1
1 1 1 1 1 1 1 1 2 2 2 2
1 1 1 1 1 1 1 1 1 1 1 1
1 1 1 1 2 2 2 2 2 2 1 1
1 1 1 1 1 1 1 1 1 1 1 1
1 2 2 2 2 2 2 2 1 1 1 1
1 1 1 1 1 1 1 1 1 1 2 2
2 2 2 2 2 2 1 1 1 1 1 1
1 1 1 1 1 1 1 2 2 2 2 2
2 2 2 2 1 1 1 1 1 1 1 1
1 1 1 1 1 2 2 2 2 2 2 2
2 2 1 1 1 1 1 1 1 1 1 1
1 1 1 2 2 2 2 2 2 2 2 2
1 1 1 1 1 1 1 1 1 1 1 1
1 2 2 2 2 2 2 2 2 2 1 1
1 1 1 1 1 1 1 1 1 1 1 1
2 2 2 2 2 2 2 2 1 1 1 1
1 1 1 1 1 1 1 1 1 1 1 2
2 2 2 2 2 2 1 1 1 1 1 1
1 1 1 1 1 1 1 1 1 1 2 2
2 2 2 2 